======================================================================
s-CGCNN v0.2 - Property Analysis Summary
======================================================================

Total Compositions: 41
Composition Range: x = 0.000 to 1.000

PROPERTY STATISTICS
----------------------------------------------------------------------
                           count         mean           std         min          max        range
band_gap                    41.0     1.959377  2.123871e-01    1.424000     2.168000     0.744000
lattice_constant            41.0     5.658443  2.430647e-03    5.653250     5.661100     0.007850
density                     41.0     4.538800  4.664680e-01    3.760000     5.317600     1.557600
bulk_modulus                41.0    76.400000  5.390617e-01   75.500000    77.300000     1.800000
shear_modulus               41.0    35.050000  9.283840e-01   33.500000    36.600000     3.100000
thermal_conductivity        41.0    70.937500  1.352876e+01   46.000000    91.000000    45.000000
refractive_index            41.0     3.125000  1.048175e-01    2.950000     3.300000     0.350000
electron_mobility           41.0  3593.634146  3.921919e+03  140.000000  8500.000000  8360.000000
hole_mobility               41.0   300.000000  5.989574e+01  200.000000   400.000000   200.000000
band_gap_direct             41.0     2.282138  5.017276e-01    1.424000     3.099000     1.675000
band_gap_indirect_X         41.0     2.025063  8.037831e-02    1.900000     2.168000     0.268000
electron_affinity           41.0     3.785000  1.707029e-01    3.500000     4.070000     0.570000
electron_effective_mass     41.0     0.108500  2.485673e-02    0.067000     0.150000     0.083000
hole_effective_mass_heavy   41.0     0.630000  7.786447e-02    0.500000     0.760000     0.260000
static_dielectric           41.0    11.480000  8.505195e-01   10.060000    12.900000     2.840000
optical_dielectric          41.0     9.525000  8.175769e-01    8.160000    10.890000     2.730000
elastic_c11                 41.0   121.900000  1.856768e+00  118.800000   125.000000     6.200000
elastic_c12                 41.0    53.600000  1.197915e-01   53.400000    53.800000     0.400000
elastic_c44                 41.0    56.800000  1.557289e+00   54.200000    59.400000     5.200000
thermal_expansion           41.0     0.000006  4.971347e-07    0.000005     0.000007     0.000002
specific_heat               41.0   385.000000  3.294266e+01  330.000000   440.000000   110.000000
debye_temperature           41.0   380.500000  2.186195e+01  344.000000   417.000000    73.000000

DATA SOURCES
----------------------------------------------------------------------
  : 41 compositions

VEGARD'S LAW VALIDATION
----------------------------------------------------------------------
  mean_absolute_deviation: 0.001267
  max_absolute_deviation: 0.001950
  rmse: 0.001407
  r_squared: 0.656739

======================================================================
